[timezone]
1

[location]
52.505038
13.278183

[DST]
19800406
19800928
2
3
1

[DST]
19810329
19810927
2
3
1

[DST]
19820328
19820926
2
3
1

[DST]
19830327
19830925
2
3
1

[DST]
19840325
19840930
2
3
1

[DST]
19850331
19850929
2
3
1

[DST]
19860330
19860928
2
3
1

[DST]
19870329
19870927
2
3
1

[DST]
19880327
19880925
2
3
1

[DST]
19890326
19890924
2
3
1

[DST]
19900325
19900930
2
3
1

[DST]
19910331
19910929
2
3
1

[DST]
19920329
19920927
2
3
1

[DST]
19930328
19930926
2
3
1

[DST]
19940327
19940926
2
3
1

[DST]
19950326
19950924
2
3
1

[DST]
19960331
19961027
2
3
1

[DST]
19970330
19971026
2
3
1

[DST]
19980329
19981025
2
3
1

[DST]
19990328
19991031
2
3
1

[DST]
20000326
20001029
2
3
1

[DST]
20010325
20011028
2
3
1

[DST]
20020331
20021027
2
3
1

[DST]
20030330
20031026
2
3
1

[DST]
20040328
20041031
2
3
1

[DST]
20050327
20051030
2
3
1

[DST]
20060326
20061029
2
3
1

[DST]
20070325
20071028
2
3
1

[DST]
20080330
20081026
2
3
1

[DST]
20090329
20091025
2
3
1

[DST]
20100328
20101031
2
3
1

[DST]
20110327
20111030
2
3
1

[DST]
20120325
20121028
2
3
1

[DST]
20130331
20131027
2
3
1

[DST]
20140330
20141026
2
3
1

[DST]
20150329
20151025
2
3
1

[DST]
20160327
20161030
2
3
1

[DST]
20170326
20171029
2
3
1

[DST]
20180311
20181104
3
2
1

[DST]
20190310
20191103
3
2
1

[DST]
20200308
20201101
3
2
1

[DST]
20210314
20211107
3
2
1

[DST]
20220313
20221106
3
2
1

